 position initiale = 0
 impulsion initiale = 1.8

 time step = 0.2
 number of time steps = 1000

 t_min = 0
 t_max = 200

 q_min_V = -2.05712
 q_max_V = 2.53107

 H_min_V = 0.613261
 H_max_V = 0.634898

 q_min_L = -2.04576
 q_max_L = 2.51491

 H_min_L = 0.619973
 H_max_L = 0.620032
